12.659514 155.117416 131.517395 1
172.385956 65.268600 103.812531 1
72.880745 104.572960 242.830994 1
41.815392 53.329319 249.450241 1
244.335754 99.429596 235.426041 1
23.246782 192.553925 244.640945 1
72.330063 74.002731 221.318634 1
52.370907 75.380569 56.595509 1
142.599670 43.739124 189.183243 1
131.361343 212.469467 160.829849 1
133.528549 84.849312 216.413147 1
137.121628 153.603180 113.150848 1
55.041523 86.036835 95.840714 1
156.702896 19.809225 155.017029 1
237.791443 50.686741 167.639450 1
56.202999 102.442886 25.833136 1
186.718948 183.089096 109.520447 1
31.652212 80.885529 223.647034 1
71.115242 80.829445 98.797661 1
123.376724 152.519623 164.764511 1
178.949524 41.014065 68.337563 1
3.481240 125.989891 231.643051 1
189.659348 64.877708 83.861252 1
94.027245 194.857834 200.636948 1
121.416016 55.443897 135.116104 1
156.392670 232.085571 143.931305 1
26.864202 93.208458 158.850708 1
93.096642 239.083786 24.936596 1
236.437073 184.280075 31.143618 1
209.973618 174.302628 211.169220 1
213.412857 96.471069 38.176556 1
243.285416 48.988140 7.279465 1
201.981827 207.325714 47.674534 1
146.113464 88.769920 12.111369 1
43.908161 173.470596 203.801819 1
213.275528 134.438629 194.040070 1
12.519159 163.114426 3.538035 1
152.446732 171.673355 113.966515 1
211.124344 172.188187 77.938904 1
239.776535 140.699356 83.438492 1
56.238480 212.580368 56.285282 1
80.502975 194.064850 136.279022 1
192.367828 135.545792 219.394058 1
128.737076 65.710846 69.872002 1
162.117081 35.444862 99.911865 1
232.760559 188.591965 177.320969 1
30.356133 56.881390 104.423080 1
96.748772 101.066986 90.361328 1
35.259022 21.038431 49.295494 1
156.838989 88.626381 244.497223 1
155.900803 67.963188 48.967007 1
218.830917 113.933990 245.169205 1
137.429749 34.107388 125.250778 1
122.835159 191.943146 168.109131 1
110.736221 164.402618 10.234158 1
222.281204 24.880249 118.241127 1
37.610439 73.401100 116.615891 1
2.611028 30.827621 117.752495 1
237.161972 109.188286 160.573410 1
160.616486 30.670238 112.919044 1
88.837090 210.733612 53.308270 1
33.710556 15.999484 215.302948 1
128.175659 58.749695 163.439392 1
207.010162 188.261703 232.563263 1
190.028183 4.987184 249.121811 1
144.105820 35.534298 179.711426 1
56.189690 105.635551 235.718063 1
97.569489 150.578598 68.853561 1
71.963234 223.943359 86.169556 1
35.068272 28.196978 245.809662 1
22.436428 129.798782 63.633251 1
63.216228 64.946632 72.151047 1
41.007690 224.621536 66.618164 1
187.718689 5.139533 2.333638 1
216.328720 38.286854 198.766373 1
236.340195 9.182099 122.001816 1
206.308334 134.089035 160.077713 1
51.709206 121.120705 53.199516 1
89.025322 36.726395 221.977768 1
10.997415 9.775202 184.229004 1
46.581856 96.406487 146.730881 1
199.795776 27.055668 2.450865 1
21.626766 130.457733 226.240570 1
101.216469 94.467636 32.834743 1
150.128998 152.571854 142.531906 1
142.717209 54.889008 169.435776 1
133.216492 170.481003 228.770950 1
124.258789 10.630813 227.846573 1
147.797729 46.992706 200.287415 1
149.346344 36.565647 100.927406 1
183.939789 170.138748 183.781052 1
151.086487 46.989956 14.165500 1
106.920525 60.698689 186.364761 1
23.685205 37.634659 87.828423 1
23.408585 14.423670 144.654587 1
223.879944 172.810684 99.981758 1
164.194855 82.779503 222.510620 1
122.427086 10.715041 81.726128 1
209.528107 106.120911 116.717133 1
75.754128 191.472198 31.257860 1
205.730270 54.059597 39.153442 1
39.296558 249.857285 1.752394 1
59.705162 181.302902 88.217331 1
235.293945 27.955765 151.478729 1
238.874817 66.766869 246.351288 1
80.677223 44.380402 130.868530 1
27.199217 30.572355 146.439285 1
41.517155 14.965265 140.115036 1
81.347870 128.193344 78.501953 1
175.171371 221.358109 37.643654 1
160.474014 35.455982 26.814322 1
135.845535 43.667522 31.620598 1
78.343079 121.490456 105.917152 1
63.635586 248.304565 96.082375 1
161.013641 184.399109 113.760406 1
161.915665 155.744507 16.966433 1
207.203568 148.212799 65.556824 1
191.282928 208.162689 0.260657 1
187.681107 173.353088 185.558945 1
16.879766 232.402817 178.344696 1
19.932821 1.158778 69.133072 1
180.206665 210.558762 17.759859 1
196.781265 35.802689 249.153641 1
232.592117 222.094284 30.026999 1
9.381181 176.278580 124.629280 1
89.145111 177.580658 235.829727 1
50.636906 240.032288 61.655010 1
73.743553 22.515934 26.033951 1
83.743813 178.424316 94.102463 1
127.802071 228.283035 156.937988 1
108.441116 227.119614 249.729416 1
6.005713 202.402771 117.523041 1
154.527344 238.555374 36.666424 1
89.149994 162.211441 118.563217 1
210.246155 204.430145 26.601328 1
30.619644 234.962280 92.769478 1
155.864487 71.289619 224.760147 1
34.116257 22.757278 43.044239 1
201.452240 3.089339 70.021202 1
90.899078 16.669004 11.554819 1
227.084045 196.614258 21.837173 1
103.295860 76.704704 184.934494 1
113.987961 159.818314 199.159042 1
106.981659 25.364460 194.001282 1
2.215645 58.477238 111.451492 1
51.638317 139.756012 47.971085 1
179.633102 197.825775 21.057737 1
46.045288 39.493416 53.239494 1
46.373760 207.220856 203.668182 1
195.566376 29.760122 51.093678 1
235.076950 57.919304 21.043394 1
32.343277 224.773941 100.314552 1
147.695084 87.356018 9.567343 1
11.180598 154.017563 4.189545 1
195.149841 24.205368 22.116657 1
199.240128 248.794846 50.711899 1
126.838287 125.629097 192.947250 1
27.365261 141.011612 176.218658 1
234.352234 172.316223 127.731255 1
17.022263 237.775375 68.124596 1
237.539841 146.811615 86.466949 1
247.991821 28.183470 173.799652 1
216.266937 68.115982 175.019196 1
215.531906 9.685981 186.794128 1
168.849014 74.272804 123.339622 1
22.876167 111.076073 233.511795 1
68.115730 198.467072 16.822247 1
236.418610 103.167007 49.798817 1
188.024734 89.198288 42.455555 1
49.612453 30.507988 102.315941 1
151.555740 60.661102 87.599312 1
122.483719 219.702301 155.051208 1
26.811350 19.513924 32.353138 1
241.082565 80.604095 125.895279 1
132.607498 59.753551 68.693810 1
225.089706 97.013657 198.759125 1
208.000687 128.826447 223.184418 1
19.437601 235.884628 147.640778 1
115.274376 228.801025 170.869385 1
74.031403 111.141937 112.060585 1
79.513321 181.299469 125.734520 1
119.720116 243.391998 26.569178 1
239.681732 142.470322 82.528557 1
139.497269 179.527893 227.734024 1
229.826767 205.927689 169.525879 1
66.673515 75.510910 102.790840 1
41.031879 98.224762 35.819881 1
162.166718 200.178253 51.557674 1
89.139023 209.155945 236.221390 1
62.677586 8.646331 91.829399 1
235.204666 39.314907 201.716324 1
146.429779 135.441177 179.065247 1
161.822556 229.627365 40.812298 1
209.749023 212.831772 161.026993 1
188.321716 114.587013 86.314186 1
84.629433 183.653519 211.041763 1
15.345430 51.972591 206.319962 1
130.598328 31.301811 49.363850 1
247.632538 159.622986 89.119011 1
145.025528 155.903275 127.018181 1
47.986679 95.658112 0.986360 1
155.090057 8.620337 229.176788 1
144.022079 161.685776 74.866837 1
35.110874 79.045998 142.210098 1
84.880127 1.436511 119.559288 1
153.242798 212.664749 87.296890 1
38.985558 36.167885 239.169861 1
155.170593 189.227814 242.262772 1
71.940468 218.773819 38.632030 1
146.717041 150.028259 238.458786 1
207.822754 129.507431 42.477207 1
188.821579 231.103867 11.136723 1
81.556206 123.068245 76.580299 1
141.575027 17.567692 246.556320 1
84.989342 124.618462 64.360008 1
232.774292 142.658737 233.831650 1
50.468712 10.880891 152.770264 1
11.066711 49.402668 84.403542 1
137.204773 115.461418 56.223167 1
204.963409 110.601814 169.749542 1
210.198914 41.349091 198.898956 1
12.050728 242.211319 162.026291 1
7.828492 122.248123 240.923553 1
232.321686 203.017883 142.224548 1
164.981461 33.770763 105.699425 1
180.245804 180.283493 13.193210 1
30.568008 26.683638 77.658554 1
249.331863 28.210938 8.170116 1
59.182831 163.593445 204.654190 1
63.995464 141.013184 211.482056 1
204.479187 249.649460 45.435764 1
78.793884 205.546799 44.874992 1
200.738922 195.159836 55.578770 1
201.963486 215.640167 67.959969 1
27.741734 120.487045 206.802185 1
161.133713 232.254959 236.711075 1
52.350250 28.876921 32.068836 1
203.652008 231.705154 27.091105 1
206.649689 154.459259 245.961090 1
23.851362 23.093008 151.991119 1
74.351646 120.189636 103.296150 1
47.689358 110.724678 88.246712 1
226.643036 75.760895 103.077141 1
105.763786 24.117373 248.876709 1
8.981565 180.995834 213.661957 1
98.289749 163.307343 25.337282 1
155.232056 45.680378 25.376097 1
180.371109 79.105385 166.327988 1
129.090683 72.332718 14.208497 1
2.260548 235.529968 32.997128 1
42.760864 30.810452 37.985615 1
88.206924 20.051319 73.786919 1
171.658310 168.913574 21.080589 1
170.950516 133.318726 35.664398 1
65.170227 13.458239 122.806168 1
105.640259 204.092407 148.238434 1
116.502754 112.270523 204.717331 1
34.371445 137.291489 137.117279 1
221.510101 59.194580 135.567383 1
144.015259 64.773651 79.424797 1
194.455276 47.120983 85.639442 1
188.650665 7.731698 30.803835 1
151.445282 0.448613 0.266730 1
240.266464 171.974869 83.187805 1
149.004639 169.223541 45.828762 1
12.676874 56.472050 11.969540 1
45.566898 95.766037 215.604202 1
21.766916 10.318779 121.760483 1
156.549927 100.107643 81.653542 1
211.913803 220.966736 54.332142 1
179.592148 61.501179 103.776047 1
114.958199 150.452148 66.084206 1
23.414127 223.183502 176.525574 1
128.930389 196.755707 199.455994 1
93.507820 163.058609 93.829849 1
151.144943 167.304352 235.926514 1
54.256989 17.637661 32.530773 1
236.917267 110.286179 160.535904 1
79.285706 233.137589 77.268341 1
80.848312 49.767403 127.190468 1
185.503143 183.482193 30.489155 1
89.981087 157.112045 247.050308 1
241.027588 98.996223 51.563618 1
15.324876 5.483160 12.504837 1
177.969467 200.778366 97.862831 1
68.342552 65.221687 5.819639 1
98.816376 216.162460 119.285149 1
79.800659 129.040421 80.502792 1
106.653290 18.609158 104.507698 1
134.867844 121.913116 164.243713 1
204.868454 182.659943 40.213390 1
79.463913 203.639954 171.600540 1
157.959457 39.368061 107.293549 1
179.804703 96.000198 248.463654 1
240.857376 208.131851 240.523209 1
163.990814 85.887932 219.644547 1
109.242264 53.647297 10.179589 1
7.044719 127.440613 232.480804 1
120.576317 219.484894 205.052628 1
67.418472 183.198380 170.882996 1
215.949783 179.844666 131.246017 1
136.214722 28.864107 211.222412 1
214.987717 0.173988 190.329254 1
106.750839 65.831123 206.247925 1
77.454819 103.927498 104.722847 1
54.220657 6.541679 0.382973 1
203.066803 198.927338 25.695925 1
246.069870 14.991525 83.598259 1
240.841522 3.998336 95.927536 1
83.545280 144.719849 78.689026 1
30.009769 105.432800 222.661163 1
208.216141 198.336197 2.920722 1
74.529671 35.179779 229.972702 1
211.848846 108.421257 106.044556 1
229.512833 76.835556 120.367653 1
120.439827 221.728958 152.220123 1
78.419128 26.556650 126.711143 1
170.413391 49.323425 61.323185 1
73.512711 234.565643 33.758553 1
1.069969 53.131485 10.699018 1
129.757385 37.121979 68.901413 1
64.367783 34.059196 160.032150 1
152.490204 115.670830 83.790276 1
153.759018 68.548355 115.708153 1
150.714447 138.857819 113.222466 1
129.997559 162.734802 203.139313 1
118.257469 66.614525 216.727402 1
82.860329 2.873082 119.327629 1
0.928295 74.000114 132.872879 1
169.820145 131.410995 39.277817 1
206.185852 176.849030 229.270309 1
31.301630 62.357876 48.056904 1
104.903214 33.245907 95.820015 1
84.292442 207.204880 47.366386 1
225.005875 185.780136 161.087631 1
66.979111 194.859192 169.643204 1
220.705673 169.971237 242.315689 1
86.844490 91.843849 77.442001 1
142.013367 113.501579 235.896698 1
139.911255 43.224304 127.732941 1
232.714996 183.760727 125.241028 1
176.972748 166.346436 31.186779 1
204.041931 180.089096 111.307793 1
47.408707 228.971542 109.062698 1
83.496185 130.089890 79.610680 1
42.782528 82.387466 76.242424 1
211.355209 119.980492 160.949738 1
125.337906 9.457219 99.941513 1
11.382699 125.995583 242.600830 1
96.191452 249.630356 224.703064 1
207.759872 147.138794 215.507843 1
127.310425 159.882034 118.780533 1
7.725094 194.196808 125.423965 1
202.550812 86.997620 217.711792 1
188.343628 9.746089 34.944321 1
214.237656 66.826225 169.573456 1
90.721397 214.524155 140.209351 1
14.045806 211.262650 93.411697 1
196.636017 211.027847 186.571442 1
93.352272 137.850632 71.285767 1
178.316574 83.949677 53.183388 1
197.102081 210.901428 199.668167 1
13.850890 79.286682 155.515945 1
21.131348 125.102104 160.972626 1
212.515259 63.265812 239.596756 1
3.050084 213.966965 224.733170 1
131.071915 30.626961 45.302063 1
77.431442 148.621765 88.553482 1
24.855913 102.352806 203.797821 1
242.036316 134.364395 77.067635 1
86.152283 101.032516 75.574623 1
62.779457 142.868805 148.776642 1
143.869949 39.481773 175.948807 1
183.799637 165.016815 183.581924 1
103.170563 196.860931 247.275604 1
48.592449 104.685432 1.481110 1
199.966187 103.380135 38.379192 1
206.821381 74.704597 128.102890 1
237.674362 65.000481 110.500832 1
138.599091 29.816919 139.979477 1
149.351013 163.461685 221.889771 1
199.653763 99.904480 38.905197 1
243.253876 187.232147 68.267632 1
164.219788 78.142693 84.743156 1
11.762740 238.885010 194.539032 1
52.683735 236.366623 19.113289 1
25.057449 56.468117 230.146957 1
205.180496 37.498394 53.852177 1
184.708893 77.641800 24.398849 1
223.676758 178.768173 43.787472 1
151.494446 131.366013 208.761398 1
240.066391 54.035610 56.757408 1
36.565166 124.888794 124.166122 1
56.998047 201.989746 110.121964 1
129.595505 111.871964 124.020523 1
37.404305 154.696274 164.008926 1
32.032364 152.474854 45.332146 1
158.743347 195.985214 128.396225 1
150.106918 144.656113 23.652365 1
158.429565 192.263672 120.203186 1
218.839813 162.876724 186.867935 1
67.026718 25.735748 185.109634 1
84.876884 217.243958 155.560181 1
110.390694 57.875343 183.668381 1
203.017563 149.142349 212.037704 1
208.556305 106.382927 98.023880 1
134.774231 106.789894 221.363785 1
67.147591 30.275766 76.796501 1
9.960420 180.472000 4.153132 1
57.635212 181.031448 89.548485 1
60.253460 38.634361 143.761383 1
224.078735 130.463974 86.575348 1
120.578934 107.411156 134.784653 1
196.535339 24.057966 172.520004 1
242.080292 44.421997 119.037430 1
14.841910 237.021576 69.520561 1
59.903034 159.345306 126.576164 1
173.014236 83.653496 9.163895 1
44.429485 243.019058 220.710007 1
231.338043 231.861984 92.645294 1
134.411667 92.733856 225.695038 1
29.243031 141.746170 163.285828 1
115.581757 242.429520 130.017487 1
210.828964 181.879562 222.479797 1
238.984177 78.334038 228.725677 1
144.511810 90.733360 131.134125 1
241.171844 69.906937 220.287506 1
178.039047 90.438522 81.026123 1
58.949448 205.969849 210.219696 1
168.819397 10.093584 23.448313 1
132.764389 197.339386 171.148331 1
209.475372 146.435547 246.661301 1
130.929306 34.706402 205.752869 1
33.591801 201.981293 164.481522 1
1.276579 26.913561 218.122986 1
33.452446 22.156971 53.735645 1
107.243492 197.146637 45.632763 1
206.439758 142.887299 136.590607 1
9.845179 173.488983 223.258621 1
242.270706 12.084143 128.290344 1
72.618172 244.733765 97.564011 1
111.598717 50.589714 89.052559 1
192.693497 158.576797 121.511032 1
248.869522 137.327515 3.794904 1
211.826263 185.348862 233.392868 1
169.105576 50.423031 62.138485 1
14.274832 26.448851 138.805618 1
69.365753 163.153107 109.796455 1
242.796753 11.532983 223.140060 1
32.755116 199.224838 122.701569 1
223.060760 190.686951 13.162261 1
223.669647 205.991333 234.807312 1
145.503479 155.768097 116.371811 1
196.497116 221.077026 133.837433 1
112.601486 121.212440 72.285057 1
26.595726 72.190186 2.963829 1
179.882217 19.673098 142.665070 1
180.822998 41.964024 68.069527 1
243.679260 36.885033 230.691071 1
233.541214 145.318924 88.774895 1
126.801300 113.231239 2.935060 1
177.355927 133.984665 207.605530 1
51.988449 208.254333 73.334282 1
42.881447 167.543732 82.043495 1
127.525375 159.722046 127.556694 1
64.259445 61.043247 95.288254 1
130.298676 209.500748 106.431313 1
24.977030 223.869049 195.824387 1
129.266083 88.561234 238.003998 1
159.919159 196.349442 190.496674 1
41.750862 63.269386 64.104668 1
202.130493 209.142059 47.344650 1
44.270538 247.900040 196.417618 1
2.777335 51.615906 10.057705 1
20.202967 49.297058 167.103210 1
56.270325 211.792969 168.354630 1
194.579315 217.835709 49.622467 1
141.836685 218.584045 121.263908 1
100.924339 19.753094 197.928696 1
157.014725 77.155220 204.554855 1
3.748068 192.113159 28.651436 1
70.775475 220.696503 221.598389 1
220.171951 140.911301 82.329613 1
9.939551 114.803452 15.257550 1
94.788246 249.366226 42.052780 1
98.967453 202.612793 147.690857 1
135.625748 170.476318 27.152784 1
246.275024 132.184616 161.984360 1
236.794739 30.806807 168.097397 1
168.700989 43.184269 18.757847 1
127.494995 59.796581 119.302971 1
88.752007 184.218613 199.907776 1
247.222885 244.643448 129.123978 1
20.851194 216.700043 181.743622 1
189.903366 43.086334 179.119415 1
93.204269 123.243530 157.090149 1
96.180222 126.012955 61.179790 1
34.570667 207.210449 25.311176 1
47.211651 232.701233 243.291351 1
50.645638 122.122910 45.878574 1
212.071457 236.600937 204.846451 1
146.733078 213.837753 41.665424 1
145.037720 228.557343 204.575348 1
161.499878 198.848328 239.258026 1
60.309898 129.521973 128.942230 1
86.175346 238.334900 126.270851 1
234.846619 248.897659 96.360588 1
96.938416 189.121750 67.017059 1
226.410751 129.174927 104.264023 1
110.316086 39.843838 14.478617 1
80.089287 198.267426 103.765060 1
244.420074 21.052725 38.755512 1
165.321335 1.274370 249.308517 1
64.526482 12.401561 44.364338 1
33.911232 5.775520 13.242664 1
15.250051 182.126389 203.418442 1
120.102615 9.662047 72.520897 1
77.462593 129.648468 80.503548 1
63.286587 6.677461 84.820686 1
83.193565 150.309784 175.065109 1
186.179337 87.268250 94.098610 1
168.913879 7.818169 22.997723 1
15.189101 175.436707 194.991913 1
68.223991 4.691210 161.940796 1
168.902390 241.079071 245.492752 1
112.984253 164.180801 15.524366 1
245.571732 155.331161 89.483727 1
127.496140 38.891476 37.444424 1
134.178955 182.287201 64.328217 1
53.538708 5.205697 29.033304 1
35.137226 84.415184 74.645996 1
22.047880 221.491638 100.672371 1
40.091965 141.061737 174.297867 1
4.080528 73.524864 182.347549 1
63.006088 218.067978 243.281570 1
38.066250 95.703293 140.424835 1
206.873459 70.681023 157.522095 1
79.931129 1.878556 116.734596 1
70.600121 178.712112 14.320050 1
11.384201 180.999390 175.011978 1
46.987206 88.884460 211.414505 1
18.630533 217.360245 135.823975 1
2.320624 242.453964 227.286026 1
97.335228 226.547028 41.620407 1
84.635040 143.014465 193.115936 1
193.450027 169.080841 36.819584 1
138.399780 91.076790 68.314323 1
79.637344 212.137253 55.770332 1
124.527863 249.525543 246.414551 1
127.746117 42.506809 87.021004 1
134.683350 29.185724 209.952866 1
38.030617 211.904221 46.268570 1
227.529999 137.311630 102.065460 1
198.587296 230.094208 182.080902 1
114.419281 238.380005 75.737640 1
78.338081 11.128280 169.155853 1
218.585388 9.421593 198.050964 1
77.095413 153.295578 88.910370 1
139.571259 190.759460 109.200493 1
100.214584 101.012108 233.800354 1
221.505585 162.423630 101.312386 1
3.199758 196.685486 207.257309 1
157.007050 221.521210 143.121811 1
235.988876 71.826744 87.448883 1
161.710052 243.440063 11.857226 1
155.192932 187.367737 10.161094 1
90.592705 212.351913 141.217407 1
79.829437 37.027737 215.224884 1
208.510147 223.694763 85.243446 1
73.417343 38.965832 228.662506 1
162.161819 39.934067 88.289825 1
201.984863 164.443970 115.397072 1
207.437836 223.436676 54.386112 1
87.822296 163.642609 110.822403 1
231.628891 195.902328 136.754456 1
95.595032 179.537323 100.986603 1
93.913589 247.591064 49.966190 1
78.401634 117.357918 121.755753 1
213.620743 196.613327 28.982634 1
243.271652 176.693924 68.994331 1
239.863525 242.536148 19.315771 1
179.505585 197.562805 21.128729 1
7.740677 237.099594 68.577423 1
175.065872 92.877296 182.898895 1
17.613813 184.568329 202.090286 1
46.252110 177.054352 149.872635 1
36.912025 241.794556 34.685486 1
15.318408 59.125584 84.657516 1
243.279053 57.874035 126.378281 1
94.213043 166.717300 27.395849 1
12.898683 162.147903 137.127670 1
129.467087 112.198128 124.218597 1
125.029335 208.609528 17.265001 1
202.277267 208.980667 49.179417 1
27.235315 20.048817 129.928101 1
205.142303 187.001175 42.364056 1
213.889557 199.427078 29.543152 1
158.324310 219.707001 215.617081 1
248.553848 136.609222 57.248325 1
175.395233 21.706505 233.266556 1
112.341461 195.821198 93.327477 1
97.657578 201.783325 205.905014 1
215.320679 159.855453 42.804871 1
210.867981 154.855667 213.527054 1
191.096176 85.112709 116.701759 1
184.972809 175.361893 124.870262 1
34.908871 172.906235 96.384888 1
33.780781 31.388807 31.885292 1
62.270252 6.704681 160.342926 1
161.445175 138.940033 88.587715 1
131.015564 39.825878 248.448639 1
153.958450 218.456268 157.132812 1
56.723537 5.963343 125.672653 1
242.117844 222.514160 111.023102 1
239.722275 206.197693 160.768204 1
194.935410 6.396967 158.700851 1
82.478920 178.750504 121.179901 1
238.132477 249.982635 138.922302 1
65.797935 74.935959 97.809845 1
232.525711 9.968732 198.345001 1
16.748209 76.791451 240.258652 1
158.957474 18.797171 87.994095 1
139.905701 137.892502 132.096008 1
120.693642 233.715607 160.773911 1
198.243790 145.547806 92.840874 1
93.141083 119.417709 227.229828 1
182.852402 33.192093 130.250595 1
153.552078 36.553730 103.364929 1
208.589890 71.753242 17.946905 1
11.857897 169.829544 169.408401 1
130.580246 112.581902 2.105960 1
209.416901 66.539589 27.026196 1
83.235359 155.660858 111.687271 1
37.322388 14.650658 9.386186 1
118.685760 166.575317 30.385202 1
42.025078 57.526104 73.121811 1
196.738876 43.494705 43.727787 1
24.314278 64.845612 108.900513 1
108.500282 123.405190 93.557449 1
110.652397 131.089157 89.357941 1
247.079239 210.477966 229.121857 1
149.083923 173.739410 46.714172 1
100.067947 8.913649 119.493507 1
25.594242 205.322739 207.907669 1
239.361954 181.875641 42.818611 1
67.014389 153.787476 136.026398 1
118.613815 203.712662 193.125504 1
16.990076 183.005768 201.847290 1
53.719860 197.885620 161.343842 1
46.717590 30.948973 17.871260 1
226.451004 65.757576 223.333649 1
32.793648 140.130096 95.969879 1
69.297882 25.630257 39.338043 1
218.080353 30.682093 114.820457 1
24.037743 204.005585 226.525757 1
71.703644 220.057495 36.037907 1
151.457825 143.662430 67.773308 1
235.130234 39.030987 213.846405 1
71.601479 234.358566 24.273726 1
191.217865 14.783978 179.726852 1
123.701462 152.578323 198.797607 1
171.364090 160.826096 92.585907 1
242.276093 55.894955 115.072639 1
122.065346 248.147461 84.524551 1
197.861038 0.626940 225.401733 1
145.883026 25.135561 58.981247 1
131.926514 190.072281 69.592697 1
6.820416 84.318436 235.391693 1
103.450241 66.979851 244.393021 1
237.930191 193.844940 187.214920 1
230.743790 49.479210 202.289688 1
70.684540 82.636948 3.211819 1
73.228638 191.647461 215.944260 1
161.138855 116.206955 146.361862 1
146.923431 41.926975 206.308411 1
190.621597 226.999619 185.654037 1
136.139404 220.518860 218.536957 1
156.138092 169.527420 164.201645 1
130.187225 77.931892 80.821136 1
222.277573 142.703644 63.974121 1
25.039885 200.277405 167.766296 1
70.672714 139.998734 151.960342 1
142.693008 35.956203 213.343735 1
153.866272 163.415283 200.140274 1
101.524857 209.188766 55.889709 1
80.602005 241.616760 27.759212 1
242.985626 48.656673 142.858505 1
171.086044 169.158691 81.541466 1
12.889295 180.590240 203.048401 1
162.393417 153.086502 12.910666 1
161.580902 104.354210 162.908722 1
41.425797 60.656548 143.263870 1
81.618660 129.346420 49.894180 1
47.966129 211.665253 130.982849 1
206.482239 249.651550 75.291069 1
43.831974 87.807144 78.093208 1
138.687668 46.480576 130.429459 1
230.630341 33.667126 163.407211 1
128.172913 113.987999 121.663284 1
120.636223 6.012807 98.184349 1
70.120743 234.581329 96.043610 1
102.576622 227.830368 170.752121 1
229.564941 140.756134 218.368881 1
47.820713 196.676620 133.436127 1
32.939171 249.149216 188.540192 1
145.308945 65.231644 156.232010 1
100.050255 84.614975 162.375671 1
238.866913 40.785873 65.088165 1
119.365761 143.226425 100.939507 1
185.791336 195.078995 199.689148 1
154.403549 180.491348 142.051605 1
37.220318 85.120338 102.568611 1
73.774887 73.617119 67.102119 1
227.074417 135.677048 104.443069 1
189.680115 194.455597 200.398651 1
193.113617 154.065720 121.453163 1
223.154785 144.928696 66.114952 1
141.926147 38.419456 174.819016 1
131.211349 159.657043 107.001709 1
134.404099 226.193207 198.992996 1
122.612350 147.902390 31.187405 1
235.118912 95.252365 45.875580 1
173.624466 24.453590 36.497532 1
244.343384 111.326553 46.185593 1
185.758286 178.439621 161.948349 1
212.493561 229.145676 233.846603 1
242.202759 45.660542 6.946524 1
241.084076 75.781273 4.647869 1
159.147552 35.780773 246.044998 1
163.471725 230.247620 39.949524 1
101.675270 197.060944 189.802216 1
199.232697 229.313156 0.843959 1
118.284813 156.358612 15.965886 1
39.535709 204.768814 64.347610 1
161.627838 144.882019 239.253479 1
170.417114 133.511749 161.351761 1
107.913467 189.272873 48.453121 1
78.620262 140.624344 189.910324 1
91.840218 145.833603 2.551013 1
62.555347 193.731049 79.797668 1
83.061920 179.886520 159.896591 1
161.914246 164.567276 71.772339 1
72.220299 15.643530 11.417846 1
203.981598 152.966400 89.540718 1
50.428726 96.706085 234.098892 1
242.553879 128.016830 110.140213 1
17.971689 159.175735 112.679558 1
167.742828 138.210175 55.834126 1
110.724388 246.734161 241.089310 1
84.930939 2.908524 170.384048 1
106.760612 139.314316 196.727356 1
242.670807 23.295843 51.815208 1
185.784836 169.534500 56.401142 1
30.357084 43.939476 84.418121 1
84.169533 186.730377 223.544632 1
22.852596 156.490677 125.567322 1
187.910721 198.501602 29.390787 1
159.660675 31.000050 196.413879 1
164.979996 85.245667 84.989647 1
218.034531 175.882706 145.655731 1
192.695511 206.886902 1.359155 1
118.194748 182.270142 38.783688 1
223.670090 242.450439 138.951721 1
139.785583 33.668282 8.986062 1
77.211189 219.438644 62.114376 1
22.192308 125.137169 147.222473 1
232.460342 207.028000 246.890488 1
92.274025 129.247147 32.121216 1
100.394943 217.801025 42.370770 1
77.374023 0.029261 129.328415 1
6.097153 118.073601 246.154602 1
186.772217 186.761917 16.622421 1
2.336855 231.357025 144.391113 1
60.512024 134.299133 175.473663 1
52.448071 76.403511 36.615177 1
86.988159 151.975342 208.516586 1
162.869659 143.480499 240.049194 1
195.278214 216.500137 53.560970 1
223.884506 237.084641 240.521378 1
38.250843 249.408035 216.568161 1
38.997120 8.972399 91.074104 1
156.401840 162.156036 47.104050 1
66.825981 79.940201 229.601593 1
29.346457 150.463440 168.892929 1
219.234573 57.194195 113.090569 1
204.591827 46.604298 55.005505 1
197.100525 142.475143 163.871613 1
177.356659 36.710724 93.191978 1
217.374542 72.386345 17.225565 1
149.838455 151.272202 13.351281 1
179.317505 8.476017 4.730278 1
143.819992 36.922791 178.558701 1
64.988251 138.543289 94.793671 1
147.972931 33.293030 1.865626 1
34.911594 197.696198 110.945145 1
49.144699 233.252182 227.529846 1
123.561005 57.375931 135.916382 1
129.575363 203.330170 233.497894 1
226.538040 195.606506 229.143021 1
74.045189 150.653931 193.051666 1
202.027557 194.293121 29.750015 1
216.187485 54.927410 52.894928 1
171.957733 65.313843 169.949951 1
238.931458 19.815809 164.584915 1
52.495689 27.991068 245.590607 1
128.721970 87.582214 33.707352 1
133.974945 140.360352 198.685410 1
248.067719 248.530365 1.285968 1
98.229668 104.082733 224.944214 1
71.471802 209.229141 127.148125 1
95.268829 76.689095 57.940426 1
95.199211 152.983948 83.809448 1
132.091949 56.877705 147.326462 1
18.401854 232.921524 226.654999 1
144.419312 230.893417 177.772842 1
165.942413 89.996368 86.129066 1
36.710232 203.692047 64.365547 1
35.766499 152.648483 155.654846 1
212.404510 77.556732 67.447105 1
182.424225 49.845890 92.017212 1
212.990097 194.401535 32.226799 1
175.305099 4.411823 3.643636 1
122.116096 182.579239 89.678490 1
91.472031 158.177429 249.646164 1
69.140923 176.814560 16.321728 1
13.304027 139.410706 247.708771 1
248.219193 70.770592 203.250198 1
94.228104 242.094269 29.066418 1
151.391830 35.692310 107.587608 1
78.779266 47.148907 67.218307 1
46.758511 4.786861 95.448578 1
136.626221 34.578915 108.419830 1
203.773209 111.822250 13.602416 1
207.378860 47.934475 199.073166 1
244.953232 57.217186 219.203720 1
125.549568 166.876755 226.825256 1
132.346283 86.334564 143.627563 1
196.102997 73.522568 12.398881 1
117.993393 9.441738 207.028702 1
123.616325 61.415871 160.897919 1
85.246086 180.574356 209.217346 1
88.160172 161.772659 142.984055 1
157.387390 80.148705 196.709244 1
146.022003 106.636162 202.975113 1
54.196465 57.933903 86.286469 1
224.637085 204.205429 212.606598 1
123.489449 122.283760 54.873711 1
65.592644 113.403984 119.053215 1
225.255646 73.912079 155.994232 1
96.783607 177.794312 61.770718 1
191.070602 1.467004 218.703949 1
208.584808 226.655609 133.100525 1
216.518570 95.610451 48.448578 1
157.901642 235.972031 247.892242 1
143.843933 71.349365 88.492722 1
141.256653 248.706650 23.936026 1
240.578293 23.050608 240.723816 1
8.178235 143.723816 157.924332 1
232.805206 170.955368 122.358582 1
54.781567 155.769745 128.921219 1
52.836906 213.361603 63.343224 1
195.304306 38.702869 57.392036 1
239.043869 4.164458 25.505913 1
127.859917 150.849884 112.823410 1
141.815720 45.914337 193.486099 1
183.100159 87.611633 181.544159 1
70.470222 92.258354 80.077293 1
130.128265 162.155182 241.903839 1
25.651110 102.284050 204.458710 1
91.226425 142.444275 56.662724 1
149.166519 210.412720 87.929848 1
14.026063 58.301445 23.632479 1
168.236969 226.416611 30.337238 1
198.155762 222.741898 135.522797 1
160.168396 31.379801 157.375854 1
171.608231 158.271591 4.072299 1
125.771118 230.038361 24.040693 1
16.291006 247.215515 145.897507 1
20.095793 155.613449 129.018677 1
22.926647 182.797379 220.570404 1
224.869598 45.727451 242.358307 1
8.046041 231.898300 55.834499 1
222.202789 229.625885 17.204338 1
118.030510 90.328812 52.750114 1
140.072922 207.582550 6.810681 1
201.978134 218.852875 29.310169 1
223.730484 243.227066 141.586014 1
128.467453 112.834099 190.474854 1
97.411469 110.185997 74.844513 1
12.979111 198.538742 89.971420 1
155.481262 40.001362 238.710098 1
147.201965 167.816895 235.487885 1
105.479637 201.732925 186.437103 1
103.902702 2.981097 203.600067 1
33.320786 228.335999 65.058968 1
218.434433 188.383972 188.722717 1
125.394432 166.010910 225.702011 1
71.340057 128.397751 79.681816 1
240.886002 137.624802 66.828072 1
207.923737 160.598343 227.012070 1
220.378647 139.976685 155.824280 1
149.100815 47.199257 31.707270 1
47.412014 1.897874 30.614874 1
48.389301 89.992073 214.769104 1
67.601738 15.913580 43.970863 1
9.954773 176.422714 218.998108 1
25.009361 157.235992 171.153610 1
0.856276 204.178055 245.595001 1
184.877396 218.745743 134.616058 1
241.153900 212.711746 137.649811 1
111.715286 224.976685 63.759438 1
46.070465 95.387924 79.843994 1
52.662720 121.927582 244.559967 1
67.959045 124.130943 43.529228 1
155.265518 54.591465 73.312401 1
51.830421 128.761978 99.329605 1
111.464165 108.845291 59.694897 1
49.997395 110.544922 193.342697 1
83.636734 185.594330 70.906792 1
84.553734 143.664429 153.154694 1
67.882858 187.385452 73.808640 1
118.459564 133.780563 171.138779 1
86.206802 130.885468 78.094742 1
133.729950 76.191071 63.878769 1
87.503418 190.402679 112.873596 1
143.185806 28.018864 59.524704 1
116.244057 92.226868 34.476112 1
174.419006 54.034485 67.719627 1
70.089722 85.752113 99.060486 1
211.103851 17.724709 161.144943 1
225.612167 31.434298 70.219978 1
131.969910 30.053017 239.259842 1
94.113647 175.421860 246.573212 1
132.065125 133.864166 222.383362 1
183.994064 197.749390 61.729389 1
110.602875 45.989597 1.707595 1
22.314070 23.569326 107.747818 1
9.848111 35.079868 235.002167 1
74.390953 100.012917 237.122192 1
45.906967 237.263351 8.287529 1
233.307159 177.917465 92.992393 1
200.573822 247.519684 51.625328 1
42.088943 244.824768 28.716557 1
124.458771 119.884750 141.682220 1
240.289047 26.682365 60.330772 1
213.486343 124.041359 155.696259 1
91.376350 233.731766 66.945892 1
236.094086 77.506012 246.468109 1
79.889503 66.420944 57.754211 1
91.065155 129.359879 61.466602 1
82.971748 177.790237 121.238029 1
230.890167 108.227539 11.198148 1
21.134329 186.461212 209.783890 1
166.296997 136.870392 15.191609 1
95.550316 190.439896 248.196869 1
156.087891 197.720184 93.537071 1
79.211517 205.659439 44.464657 1
36.392517 207.254318 146.132660 1
54.916718 91.922890 241.196152 1
146.977585 155.119263 14.825117 1
205.182571 5.467905 55.915638 1
82.839188 193.476852 60.043655 1
114.410446 190.919800 163.602890 1
91.385910 17.782358 153.212387 1
217.483658 54.642773 196.837570 1
228.482773 22.514864 119.921036 1
53.437439 21.438883 51.408562 1
30.699169 166.813675 160.036301 1
117.907745 2.157914 94.571754 1
219.778030 14.854035 199.340607 1
240.338455 137.884598 131.366821 1
109.091789 159.630173 82.618164 1
51.490589 104.739296 183.242645 1
38.176277 182.012665 5.796716 1
105.830338 29.391472 187.402023 1
55.784672 241.661469 77.315758 1
57.419376 246.426971 249.296127 1
109.235008 98.023346 236.560562 1
62.854866 123.839607 139.964127 1
190.760162 195.675552 201.115082 1
190.371552 172.112122 145.719818 1
35.571049 209.519028 112.332001 1
222.513168 222.687637 16.985996 1
202.736481 53.028172 110.155403 1
98.790764 92.554649 128.528885 1
113.673027 100.126572 129.623871 1
231.961441 170.080612 125.531448 1
63.401260 165.208710 120.865593 1
44.494347 30.300068 39.017113 1
206.771973 52.037357 69.698280 1
220.251541 142.123077 126.275185 1
231.427780 5.821618 220.671967 1
120.036499 50.863003 122.964371 1
103.421516 4.933695 175.095673 1
238.213226 94.249641 137.577209 1
45.334930 226.176117 224.042862 1
133.578140 136.249374 162.070480 1
115.490509 115.920975 210.830322 1
246.808853 150.321823 202.091476 1
23.537302 98.609848 45.123489 1
