70.5029 39.8920 209.3156 1
126.2246 88.2174 246.5906 1
217.0830 241.5981 118.2017 1
24.8552 176.5158 130.0661 1
183.2560 55.9244 72.2756 1
81.9193 11.9929 26.9911 1
41.5540 194.9905 173.9619 1
163.1478 132.2932 109.8281 1
235.6103 82.2067 88.3677 1
138.0204 120.1376 39.4194 1
150.6159 30.5893 246.1163 1
34.8416 39.8591 226.8658 1
25.4388 239.3899 94.4671 1
167.9663 171.0694 103.2969 1
125.8016 81.4790 147.7012 1
102.6570 171.3576 11.6134 1
12.4417 225.2032 164.6764 1
147.9056 66.2687 66.8323 1
234.7070 110.9284 85.0298 1
164.6089 247.5817 180.0220 1
139.9768 232.5465 85.1963 1
137.4200 156.9580 57.8158 1
126.9440 163.2305 183.3129 1
96.2713 10.8820 221.1399 1
181.4178 197.6020 202.4255 1
238.8469 109.5242 55.4452 1
49.9191 151.8439 98.9529 1
112.0515 66.2630 247.3045 1
72.8159 46.7522 34.6496 1
5.6888 93.7779 109.2396 1
30.7684 100.2387 168.8959 1
31.9176 198.1920 4.9297 1
80.8582 17.4230 159.8171 1
116.7508 148.2544 71.3530 1
205.3638 165.6043 113.0395 1
153.7271 35.9387 244.3258 1
84.8864 53.3224 210.3538 1
148.2435 242.6764 151.6803 1
193.0770 184.7878 67.1262 1
169.8698 112.2562 238.3679 1
29.6086 52.6411 154.8803 1
148.9695 90.4223 144.3539 1
48.5339 148.9492 11.9836 1
221.4679 59.5629 82.2958 1
101.0862 37.4673 122.7706 1
137.6981 86.0332 160.0583 1
133.5131 39.5994 4.5379 1
134.4067 144.1923 50.1402 1
163.8856 109.8837 178.3641 1
179.3685 24.0804 223.3033 1
214.5877 121.8899 150.1669 1
121.5433 72.2739 153.5903 1
227.6193 35.4750 60.2347 1
34.1172 226.2523 237.6121 1
52.9205 248.9293 117.0092 1
134.4909 8.8774 108.8138 1
1.0432 117.7086 210.1168 1
169.0142 118.2935 165.1043 1
104.8603 1.3878 216.3396 1
229.0530 246.5905 187.3270 1
210.7544 195.5904 246.0428 1
157.2571 119.2799 221.3158 1
218.0252 118.3497 96.8956 1
188.4255 130.2962 82.2057 1
53.3358 58.0056 20.1888 1
95.8302 139.6945 11.4069 1
223.9386 188.6080 38.9269 1
200.5181 97.7932 46.9237 1
43.9784 27.0559 155.3179 1
20.1480 139.4307 22.4020 1
122.0093 176.5568 202.2343 1
63.3589 220.4829 1.6419 1
123.6646 94.4645 231.8800 1
85.7696 158.9031 210.0694 1
148.0977 105.1443 215.2898 1
21.9039 128.6913 118.4818 1
219.1025 226.7078 19.2004 1
188.3345 158.8366 14.9003 1
0.4000 183.5475 90.4741 1
155.7993 42.8413 3.9761 1
134.6875 30.0331 56.0398 1
218.0312 139.3207 242.7288 1
144.0445 93.5139 167.3688 1
198.8322 142.6047 62.0062 1
152.1713 214.2530 190.4481 1
111.7050 123.9895 0.0609 1
165.8231 9.2225 130.1909 1
109.8962 197.4076 13.9068 1
238.4609 52.1848 134.8030 1
77.3180 50.0247 65.1231 1
151.3091 85.8537 181.9433 1
91.8637 137.9666 223.4340 1
184.0867 35.9191 124.6901 1
21.1415 43.5894 65.7604 1
27.0354 98.2134 166.7102 1
140.0961 28.7296 176.7050 1
163.5108 132.0978 206.8126 1
51.2291 121.0152 65.1542 1
174.4173 232.4208 149.5996 1
94.4058 56.0570 105.2539 1
210.7483 161.1371 165.2955 1
67.1074 132.6594 217.9795 1
207.2779 183.8803 182.8888 1
223.4322 182.9276 44.9294 1
104.4886 157.3030 4.5109 1
119.5223 226.7452 44.5704 1
122.3034 1.0017 175.5465 1
155.7728 227.3589 56.6765 1
83.4856 52.7015 71.7981 1
98.9787 78.6666 127.0624 1
137.4846 108.9342 76.5624 1
13.2815 91.3669 164.7551 1
20.4713 28.8338 195.5061 1
58.7124 97.1419 172.8612 1
131.0674 117.4165 96.2605 1
230.6009 28.8677 146.8467 1
236.5473 21.3827 41.7066 1
87.5742 141.1037 53.1624 1
70.7884 138.3246 133.4018 1
222.6684 83.1479 164.1719 1
200.5527 214.6108 78.8924 1
246.8846 112.6590 72.6495 1
156.1732 147.1753 172.5395 1
191.3775 188.9468 178.5899 1
183.6518 31.6820 21.4353 1
244.6199 81.8480 209.3618 1
109.6890 169.4491 129.3580 1
217.6851 104.7364 159.4586 1
168.4886 147.7987 108.1987 1
202.1662 238.1249 63.7405 1
192.4328 93.8490 116.1055 1
167.1107 84.6045 179.6265 1
155.0026 106.6328 127.3596 1
168.8344 51.7770 49.2613 1
218.8680 63.0374 84.5230 1
121.1347 64.5891 16.0429 1
47.4250 240.0720 40.9273 1
211.1372 210.7414 199.6518 1
121.5618 139.7710 160.1079 1
240.1771 50.1600 26.9047 1
21.0675 78.1285 34.2882 1
19.4260 205.2643 52.1768 1
158.5916 132.6583 181.5802 1
36.5631 165.4370 92.2334 1
28.2255 86.2589 230.7987 1
178.7959 168.5298 211.6995 1
87.6192 38.5517 122.8978 1
217.8936 132.7175 41.6002 1
87.4602 71.0294 160.1662 1
247.3043 53.9127 238.3796 1
193.9804 80.8249 1.4681 1
14.3410 71.2540 36.0959 1
89.9893 223.9381 155.7530 1
99.9442 195.0436 71.0533 1
8.8289 123.9767 47.0155 1
104.0768 239.1746 232.4651 1
155.1829 110.4318 110.8620 1
199.6978 126.2852 117.9211 1
30.9674 38.2192 15.0294 1
9.5887 232.6772 174.3198 1
194.2212 63.0960 12.3672 1
193.8752 6.4467 11.9241 1
154.3529 199.2167 10.1923 1
240.0127 201.6683 174.5580 1
196.4144 86.6220 8.7549 1
152.9690 118.5272 128.6974 1
123.7141 122.3152 248.7701 1
87.0460 243.0153 210.3976 1
25.1124 141.8854 206.8736 1
205.0713 97.7083 204.1827 1
60.5921 93.5524 203.7452 1
205.6079 230.0696 156.6025 1
4.0465 111.3632 178.0764 1
117.9709 208.0637 54.8272 1
19.0853 196.6556 59.2937 1
27.9399 35.0237 182.4823 1
44.6748 151.8502 181.3310 1
226.1687 137.1598 230.2061 1
138.7780 240.7780 122.5828 1
25.9474 191.6530 197.2929 1
131.7104 225.0680 62.1352 1
57.7205 110.3220 147.5027 1
205.4365 69.7016 180.1642 1
188.9821 134.8368 185.9388 1
249.7405 98.8122 19.4903 1
125.0125 242.9272 118.1234 1
192.7690 90.8604 165.5579 1
207.6265 80.7475 119.8533 1
54.0821 86.9224 219.7604 1
153.1153 239.0480 243.7858 1
207.2937 208.1887 194.8491 1
114.1764 59.9050 105.1511 1
0.8022 185.2565 94.5481 1
158.1056 43.8909 147.2312 1
22.3749 222.8538 11.5216 1
167.0351 194.1362 46.4677 1
71.3089 60.3844 12.2324 1
80.1578 43.1340 122.2835 1
199.1738 244.7824 95.0767 1
163.9829 110.2077 140.0007 1
151.2925 136.0014 216.7613 1
194.9665 53.8614 6.4016 1
175.7684 22.0626 22.5984 1
139.9512 92.6688 226.5750 1
204.3905 40.0761 211.4332 1
233.0750 118.4194 164.7593 1
190.9354 173.0965 196.7513 1
181.1756 214.6551 41.9586 1
144.2807 229.7243 12.6541 1
159.4469 14.2423 0.0540 1
118.1969 145.1388 51.2817 1
0.5217 56.2568 128.4919 1
234.6159 111.7184 162.5266 1
15.7667 154.1267 115.7685 1
234.8030 36.6995 71.3858 1
201.5584 200.5167 124.6524 1
81.6717 184.7687 150.3342 1
18.9442 91.9926 113.5760 1
203.8078 38.4181 38.6226 1
170.7461 158.2029 122.0965 1
43.3305 22.3693 167.8510 1
138.7861 239.4736 160.8476 1
31.2009 116.1086 132.0261 1
127.9374 140.8537 170.5939 1
122.0411 240.9492 76.3847 1
111.7427 146.2865 114.3288 1
229.1757 13.8258 62.0616 1
11.4976 198.2233 243.3432 1
132.0237 0.1325 105.6583 1
125.9622 243.2624 74.7752 1
22.8529 29.8314 45.8188 1
42.7969 210.7575 6.2187 1
161.7788 41.2062 107.9507 1
15.9896 181.3295 194.6684 1
234.4320 135.2648 145.7433 1
61.5558 188.2544 128.4832 1
187.7029 242.3120 60.5954 1
21.4188 101.3336 19.0899 1
43.3186 162.3297 101.2815 1
181.6987 39.8489 5.7263 1
121.7997 11.5364 242.3642 1
96.5719 151.1702 102.5981 1
26.9605 2.9320 112.1311 1
178.0951 47.9955 199.8826 1
16.8342 76.8250 215.9074 1
46.2773 57.5972 1.4780 1
189.7318 71.1943 67.2145 1
50.6038 46.5678 65.4528 1
115.4218 165.9118 42.2318 1
111.6206 221.1950 56.3002 1
53.4397 29.3547 72.2574 1
153.2429 134.9198 112.6705 1
153.4936 102.1795 129.8425 1
244.0091 236.6636 17.2520 1
249.2944 216.6774 118.2349 1
65.7991 168.7316 144.3717 1
181.0779 179.7585 97.7760 1
222.4969 74.9355 184.3957 1
204.0657 167.7293 160.3196 1
23.5457 141.6407 36.3333 1
168.8167 23.5716 96.1263 1
96.4242 181.0151 107.0945 1
223.5492 99.1587 33.2853 1
46.0249 20.6924 28.8257 1
176.4611 205.8756 216.5158 1
244.8739 106.5985 75.7587 1
119.2784 99.5544 186.4309 1
220.9915 195.4500 237.1335 1
111.2210 241.0421 201.6347 1
124.5445 70.0226 249.7413 1
154.4140 58.3074 87.9856 1
176.7246 101.1592 98.9124 1
136.4383 212.6794 130.1780 1
161.2572 201.7154 149.1420 1
187.4057 37.7076 135.1902 1
96.1227 218.7444 235.4014 1
215.9607 165.2675 109.4750 1
50.7917 107.2943 109.9665 1
142.6885 2.7962 20.3083 1
171.6559 144.2170 57.4942 1
82.2342 121.5829 24.3853 1
191.9345 204.2235 23.9773 1
56.0307 129.6417 202.9116 1
9.9401 200.4682 237.5057 1
215.6978 58.6858 114.1007 1
4.8696 235.8338 147.6633 1
80.6471 180.6858 49.1605 1
30.2382 84.0208 225.2326 1
101.0899 205.2439 63.6218 1
18.0787 38.8833 223.1893 1
20.8641 9.7036 139.5219 1
130.4567 44.1997 112.3573 1
246.2549 177.5083 127.9378 1
121.1918 181.7802 148.8965 1
176.2026 201.5852 149.2155 1
246.9455 85.0171 157.7984 1
140.2634 39.8684 240.2647 1
161.1855 154.9983 21.8617 1
45.1612 140.8782 65.4713 1
15.5450 231.1767 36.6931 1
98.9521 121.1681 240.3240 1
52.5043 51.8999 193.4323 1
100.4985 107.9399 140.0277 1
154.2844 34.0016 110.7011 1
185.6438 30.2514 126.2619 1
78.9199 118.8040 117.0794 1
46.2244 228.2830 107.3348 1
113.2145 188.0246 11.1412 1
203.8280 71.1039 173.4544 1
75.4219 161.1454 196.4820 1
103.2129 67.9825 172.7317 1
106.3827 244.7213 38.8266 1
173.3409 198.9909 34.1223 1
172.6024 85.9128 14.8747 1
60.3294 58.1927 83.0553 1
7.8853 237.8656 163.8015 1
44.7665 120.6001 73.2507 1
79.0353 93.3936 165.0666 1
83.0928 184.3333 86.7027 1
165.2147 153.9177 130.3349 1
50.5295 66.4969 81.7566 1
134.3150 227.9893 193.9479 1
0.1300 13.5255 201.3002 1
38.3211 176.6233 74.9860 1
168.8261 143.6919 158.2700 1
242.0961 79.7601 95.6034 1
207.7780 50.6818 223.2005 1
111.3720 13.4219 55.3700 1
36.3244 244.7724 150.7347 1
81.0721 100.7238 122.0285 1
53.2139 24.5302 198.6766 1
189.3676 49.8804 215.3916 1
88.7686 146.7450 102.1563 1
80.2809 0.1566 231.1400 1
229.2680 94.0043 53.7412 1
170.6083 38.4773 89.7155 1
173.5613 237.5483 75.9398 1
47.7941 212.9505 73.3172 1
226.8058 63.2937 101.9261 1
109.1151 63.1495 94.3327 1
110.0875 224.1948 32.1855 1
224.6763 2.0274 119.9725 1
249.2800 20.2753 176.7557 1
5.9407 57.1525 170.9377 1
242.1480 36.3596 2.3068 1
221.7241 108.1686 87.7229 1
243.0834 149.6315 5.3114 1
102.1305 151.9992 120.1535 1
42.6516 82.4430 177.4941 1
214.2504 22.5887 99.4968 1
151.0239 31.7895 212.0065 1
18.0521 156.2522 189.8351 1
36.6236 169.9633 211.6626 1
26.0764 119.7982 186.1724 1
142.0156 73.2255 123.2528 1
130.5382 77.5988 23.0954 1
162.3831 242.2202 202.9708 1
8.1147 39.6430 217.5634 1
128.5412 10.4847 44.3496 1
50.9442 50.5346 194.6354 1
114.0313 227.9807 110.1977 1
32.6611 220.3580 245.2139 1
169.4945 17.4235 71.5714 1
12.8572 192.2697 71.5365 1
84.4663 207.9923 142.5809 1
46.2468 153.1179 192.5255 1
102.7537 135.1506 195.0282 1
159.1767 191.8384 224.4906 1
8.6074 59.1522 9.0758 1
45.8066 14.2064 202.2534 1
75.7077 136.7291 44.5529 1
40.2941 138.3118 119.3804 1
186.9327 49.6040 166.0277 1
158.4742 11.8085 139.1688 1
150.3111 167.7373 224.1349 1
199.7720 92.1296 36.4348 1
121.1549 220.0518 92.2752 1
67.4123 93.4213 107.1757 1
53.0982 96.2843 0.6489 1
83.1608 185.4998 113.8783 1
180.4580 177.1829 40.1076 1
213.3242 109.8050 188.7379 1
194.4467 60.2039 235.6576 1
143.8526 236.0945 166.3867 1
45.7231 4.9383 180.8041 1
98.9660 210.2766 120.2371 1
54.5981 215.6718 88.0416 1
93.3030 118.3273 23.7146 1
226.1634 44.9961 97.6950 1
154.4197 118.9373 57.5729 1
134.8861 220.9922 68.2483 1
171.5930 188.6759 26.7898 1
30.5634 105.8371 80.7866 1
36.2495 16.9078 131.6489 1
172.3849 132.4288 39.6300 1
237.6059 164.0904 94.9708 1
87.7512 212.0484 210.6657 1
236.0302 22.1067 226.1078 1
8.2935 82.5799 176.5165 1
175.6336 156.1189 43.1646 1
206.4929 54.1459 13.1120 1
130.0352 61.7063 29.0562 1
148.6007 71.7988 59.0178 1
152.8701 172.0351 105.4862 1
137.7047 140.6618 113.7997 1
93.7799 222.5758 231.2483 1
120.9384 68.9494 142.5498 1
146.0883 34.0888 103.1894 1
233.3516 118.3423 62.2130 1
40.4258 124.7576 205.4682 1
110.9677 110.5556 228.1023 1
95.1290 145.5907 219.3591 1
199.0846 220.2008 199.6505 1
125.2877 160.2998 75.9451 1
116.2809 40.1962 141.0101 1
162.4913 237.3992 72.7168 1
235.9489 129.5241 185.2118 1
223.8398 220.5821 26.9134 1
22.1147 109.0477 115.1749 1
110.4154 84.9326 4.7882 1
228.0804 129.5450 33.8894 1
86.3106 44.5666 90.4176 1
243.0747 24.9136 186.4623 1
19.3562 31.6942 195.3466 1
248.4535 4.4235 174.4844 1
68.6462 234.1623 204.3325 1
185.4914 218.1800 80.7257 1
114.3265 116.7554 83.1017 1
104.3429 100.6341 232.6476 1
207.5437 178.6882 204.8045 1
28.3895 137.0570 210.3895 1
166.2244 177.7791 25.3706 1
241.6575 90.9274 119.8658 1
12.5194 121.2235 95.7899 1
56.6773 173.0331 202.1347 1
138.6197 191.6332 4.8219 1
8.8796 133.2872 117.3495 1
84.2318 49.1691 129.1587 1
99.4934 238.5083 63.8708 1
238.0610 71.4088 205.2614 1
226.7725 86.9170 5.0144 1
240.4301 48.3291 19.4826 1
44.1106 33.9046 20.0925 1
110.5639 4.6086 241.5834 1
161.5885 171.6696 7.4319 1
228.1977 69.0208 116.4065 1
87.9768 87.3396 226.1638 1
138.2026 235.5044 78.1459 1
142.2724 238.4056 161.8314 1
198.9878 157.1459 136.1940 1
222.6079 20.8163 181.3366 1
88.0222 215.8873 223.6048 1
145.0985 184.1159 129.9138 1
114.1926 245.4433 44.2577 1
50.1760 192.2184 131.2169 1
128.9968 225.9106 202.3196 1
4.7074 197.8527 108.0826 1
69.7615 40.6090 106.6915 1
33.0408 48.3652 120.2607 1
220.1486 39.3309 80.4108 1
39.9170 80.9445 56.1737 1
71.9131 139.5957 57.4095 1
31.9596 48.8377 90.0968 1
216.2530 53.7191 29.5175 1
204.1126 43.6450 81.5474 1
119.5354 150.5252 160.5075 1
14.9985 26.6623 154.3197 1
39.0236 152.7217 77.9090 1
23.7418 242.5565 222.8781 1
25.5657 101.2826 196.0144 1
85.8990 136.8718 177.1390 1
152.7913 59.6806 96.7826 1
110.3320 52.3691 240.1273 1
80.2208 40.5465 249.6486 1
137.7793 176.4294 88.4058 1
207.5498 249.0953 175.0574 1
105.2182 132.6156 135.3865 1
178.1101 89.8970 114.5370 1
167.2234 147.4246 77.7642 1
47.3784 132.4395 181.6938 1
206.7517 151.0052 43.4730 1
124.1507 5.2771 66.8631 1
187.4420 131.3589 188.3461 1
242.9749 23.6875 29.7666 1
161.2857 231.6039 32.8341 1
31.4086 17.2555 59.0796 1
189.5639 107.8413 68.6186 1
1.0871 238.2231 201.9191 1
224.8482 8.1124 44.5231 1
74.4052 49.6017 175.7526 1
196.6694 133.1892 210.3208 1
149.5997 62.9257 18.5851 1
249.5512 170.5319 131.2394 1
158.6043 210.8656 213.6984 1
225.4156 184.0931 89.9016 1
103.2076 219.9638 120.7655 1
18.8059 153.8291 115.1547 1
74.9042 194.6724 101.6659 1
105.5954 77.5342 221.5289 1
46.6021 10.1602 219.2258 1
