5.200000000000000000e+02
6.200000000000000000e+01
1.350000000000000000e+02
2.380000000000000000e+02
3.890000000000000000e+02
5.650000000000000000e+02
6.990000000000000000e+02
8.860000000000000000e+02
1.124000000000000000e+03
1.244000000000000000e+03
1.580000000000000000e+03
1.817000000000000000e+03
2.063000000000000000e+03
2.302000000000000000e+03
2.578000000000000000e+03
2.795000000000000000e+03
2.985000000000000000e+03
3.171000000000000000e+03
3.494000000000000000e+03
3.607000000000000000e+03
3.734000000000000000e+03
3.785000000000000000e+03
4.163000000000000000e+03
4.309000000000000000e+03
4.150000000000000000e+03
4.361000000000000000e+03
4.321000000000000000e+03
4.415000000000000000e+03
4.221000000000000000e+03
4.090000000000000000e+03
