1.500000000000000000e+01
1.120000000000000000e+02
2.310000000000000000e+02
4.440000000000000000e+02
8.040000000000000000e+02
1.075000000000000000e+03
1.427000000000000000e+03
1.939000000000000000e+03
2.304000000000000000e+03
2.775000000000000000e+03
3.198000000000000000e+03
3.675000000000000000e+03
4.220000000000000000e+03
4.631000000000000000e+03
5.109000000000000000e+03
5.672000000000000000e+03
6.012000000000000000e+03
6.580000000000000000e+03
6.933000000000000000e+03
7.275000000000000000e+03
7.745000000000000000e+03
8.012000000000000000e+03
8.244000000000000000e+03
8.519000000000000000e+03
8.418000000000000000e+03
8.726000000000000000e+03
8.914000000000000000e+03
8.665000000000000000e+03
8.659000000000000000e+03
8.510000000000000000e+03
