1.022000000000000000e+03
1.120000000000000000e+02
2.540000000000000000e+02
4.380000000000000000e+02
7.960000000000000000e+02
1.040000000000000000e+03
1.496000000000000000e+03
1.740000000000000000e+03
2.298000000000000000e+03
2.894000000000000000e+03
3.248000000000000000e+03
3.602000000000000000e+03
4.280000000000000000e+03
4.676000000000000000e+03
5.364000000000000000e+03
5.892000000000000000e+03
6.150000000000000000e+03
6.700000000000000000e+03
7.068000000000000000e+03
7.336000000000000000e+03
7.818000000000000000e+03
7.972000000000000000e+03
8.280000000000000000e+03
8.566000000000000000e+03
8.700000000000000000e+03
8.794000000000000000e+03
8.714000000000000000e+03
8.780000000000000000e+03
8.754000000000000000e+03
8.124000000000000000e+03
